            [22,878,848],
            [22,288,1426],
            [172,2135,693],
            [76,180,5398],
            [453,279,443],
            [75,494,1234],
            [808,51,1222],
            [928,2793,681],
            [120,1339,1081],
            [1343,120,1139],
            [463,329,300],
            [114,486,1299],
            [519,2453,855],
            [177,515,2154],
            [1432,491,1769],
            [72,495,1232],
            [70,660,789],
            [331,171,634],
            [858,251,799],
            [342,3309,264],
            [2697,146,836],
            [318,80,1184],
            [352,811,189],
            [499,141,1009],
            [169,75,448],
            [329,319,554],
            [112,554,608],
            [1230,313,323],
            [878,22,848],
            [288,22,1426],
            [2135,172,693],
            [180,76,5398],
            [279,453,443],
            [494,75,1234],
            [51,808,1222],
            [2793,928,681],
            [1339,120,1081],
            [120,1343,1139],
            [329,463,300],
            [486,114,1299],
            [2453,519,855],
            [515,177,2154],
            [491,1432,1769],
            [495,72,1232],
            [660,70,789],
            [171,331,634],
            [251,858,799],
            [3309,342,264],
            [146,2697,836],
            [80,318,1184],
            [811,352,189],
            [141,499,1009],
            [75,169,448],
            [319,329,554],
            [554,112,608],
            [313,1230,323],
